iii <- 444
x <- 5
y <- 15
ooo <- 222
z <- x+y
z

w <- y-x
w
