x <- 5
y <- 15
k <- 999
z <- x+y
z

w <- y-x
w

j <- 888
