x <- 5
y <- 15
z <- x+y
z

w <- 777
k <- 444
y <- 111
