x <- 1
y <- 2
z <- x+y

w = 111
k = 222
